3488
3563
3638
3713
3788
3863
3938
4013
4088
4163
4238
4313
4388
4463
4538
4613
4688
4763
3489
3564
3639
3714
3789
3864
3939
4014
4089
4164
4239
4314
4389
4464
4539
4614
4689
4764
3490
3565
3640
3715
3790
3865
3940
4015
4090
4165
4240
4315
4390
4465
4540
4615
4690
4765
3491
3566
3641
3716
3791
3866
3941
4016
4091
4166
4241
4316
4391
4466
4541
4616
4691
4766
3492
3567
3642
3717
3792
3867
3942
4017
4092
4167
4242
4317
4392
4467
4542
4617
4692
4767
3493
3568
3643
3718
3793
3868
3943
4018
4093
4168
4243
4318
4393
4468
4543
4618
4693
4768
3494
3569
3644
3719
3794
3869
3944
4019
4094
4169
4244
4319
4394
4469
4544
4619
4694
4769
3495
3570
3645
3720
3795
3870
3945
4020
4095
4170
4245
4320
4395
4470
4545
4620
4695
4770
3496
3571
3646
3721
3796
3871
3946
4021
4096
4171
4246
4321
4396
4471
4546
4621
4696
4771
